---------------------------------------------------
                      (1)                          
                                                   
                        0            1        Total
                 b/rowpct     b/rowpct     b/rowpct
---------------------------------------------------
Aalborg                97           12          109
                 88.99083     11.00917          100
Aarhus                 49           12           61
                 80.32787     19.67213          100
Bornholm               16            0           16
                      100            0          100
Frederiksb~g           53            4           57
                 92.98246     7.017544          100
Hjoerring              70           10           80
                     87.5         12.5          100
Holbaek                69           14           83
                 83.13253     16.86747          100
Koebenhavn             55           18           73
                 75.34247     24.65753          100
Maribo                 69           24           93
                 74.19355     25.80645          100
Odense                 88           17          105
                 83.80952     16.19048          100
Praestoe               71           12           83
                 85.54217     14.45783          100
Randers               122            9          131
                 93.12977     6.870229          100
Ribe                   53           18           71
                 74.64789     25.35211          100
Ringkoebing            89           17          106
                 83.96226     16.03774          100
Skanderborg            54           11           65
                 83.07692     16.92308          100
Soroe                  69           12           81
                 85.18519     14.81481          100
Svendborg              84            2           86
                 97.67442     2.325581          100
Thisted                64            0           64
                      100            0          100
Vejle                  57           14           71
                 80.28169     19.71831          100
Viborg                135           19          154
                 87.66234     12.33766          100
Total                1364          225         1589
                 85.84015     14.15985          100
---------------------------------------------------
N                    1589                          
---------------------------------------------------
